t	S	I	R
0	699	1	300
0.1	698.916	1.02393	300.06
0.2	698.83	1.04842	300.122
0.3	698.742	1.07348	300.185
0.4	698.652	1.09913	300.249
0.5	698.559	1.12538	300.315
0.6	698.465	1.15225	300.383
0.7	698.368	1.17975	300.452
0.8	698.269	1.20788	300.523
0.9	698.168	1.23668	300.596
1	698.064	1.26614	300.67
1.1	697.957	1.29629	300.746
1.2	697.849	1.32715	300.824
1.3	697.737	1.35872	300.904
1.4	697.623	1.39102	300.986
1.5	697.507	1.42407	301.069
1.6	697.387	1.45789	301.155
1.7	697.265	1.49249	301.243
1.8	697.14	1.52788	301.332
1.9	697.012	1.5641	301.424
2	696.881	1.60115	301.518
2.1	696.747	1.63905	301.614
2.2	696.609	1.67782	301.713
2.3	696.469	1.71748	301.814
2.4	696.325	1.75805	301.917
2.5	696.178	1.79954	302.023
2.6	696.027	1.84199	302.131
2.7	695.873	1.8854	302.242
2.8	695.715	1.9298	302.355
2.9	695.554	1.97521	302.471
3	695.389	2.02165	302.59
3.1	695.22	2.06914	302.711
3.2	695.047	2.1177	302.836
3.3	694.87	2.16736	302.963
3.4	694.689	2.21814	303.093
3.5	694.503	2.27005	303.227
3.6	694.314	2.32314	303.363
3.7	694.12	2.37741	303.503
3.8	693.921	2.43289	303.646
3.9	693.718	2.48961	303.792
4	693.511	2.54759	303.942
4.1	693.298	2.60686	304.095
4.2	693.081	2.66744	304.252
4.3	692.859	2.72936	304.412
4.4	692.631	2.79264	304.576
4.5	692.399	2.85731	304.744
4.6	692.161	2.9234	304.916
4.7	691.918	2.99093	305.091
4.8	691.669	3.05994	305.271
4.9	691.414	3.13045	305.455
5	691.154	3.20248	305.643
5.1	690.888	3.27607	305.836
5.2	690.616	3.35125	306.033
5.3	690.338	3.42805	306.234
5.4	690.053	3.50648	306.44
5.5	689.762	3.5866	306.651
5.6	689.465	3.66841	306.867
5.7	689.161	3.75196	307.087
5.8	688.85	3.83728	307.313
5.9	688.532	3.92439	307.543
6	688.207	4.01333	307.779
6.1	687.875	4.10413	308.021
6.2	687.536	4.19682	308.267
6.3	687.189	4.29143	308.52
6.4	686.834	4.38799	308.778
6.5	686.472	4.48654	309.041
6.6	686.102	4.5871	309.311
6.7	685.724	4.68972	309.587
6.8	685.337	4.79441	309.869
6.9	684.942	4.90122	310.157
7	684.538	5.01017	310.451
7.1	684.126	5.12131	310.753
7.2	683.705	5.23465	311.06
7.3	683.275	5.35024	311.375
7.4	682.835	5.46809	311.697
7.5	682.386	5.58826	312.025
7.6	681.928	5.71077	312.361
7.7	681.46	5.83564	312.705
7.8	680.982	5.96291	313.055
7.9	680.494	6.09262	313.414
8	679.995	6.22479	313.78
8.1	679.486	6.35945	314.154
8.2	678.967	6.49664	314.536
8.3	678.437	6.63638	314.927
8.4	677.896	6.77869	315.326
8.5	677.343	6.92362	315.733
8.6	676.779	7.07119	316.149
8.7	676.204	7.22142	316.574
8.8	675.617	7.37434	317.008
8.9	675.018	7.52997	317.452
9	674.407	7.68835	317.904
9.1	673.784	7.84949	318.366
9.2	673.148	8.01342	318.838
9.3	672.5	8.18016	319.32
9.4	671.839	8.34973	319.811
9.5	671.165	8.52214	320.313
9.6	670.477	8.69743	320.826
9.7	669.776	8.87559	321.348
9.8	669.062	9.05666	321.882
9.9	668.333	9.24064	322.426
10	667.591	9.42755	322.981
10.1	666.835	9.61739	323.548
10.2	666.064	9.81018	324.126
10.3	665.278	10.0059	324.716
10.4	664.478	10.2046	325.317
10.5	663.663	10.4063	325.93
10.6	662.833	10.6109	326.556
10.7	661.988	10.8185	327.193
10.8	661.127	11.029	327.843
10.9	660.251	11.2425	328.506
11	659.359	11.459	329.182
11.1	658.451	11.6784	329.871
11.2	657.527	11.9006	330.572
11.3	656.587	12.1259	331.288
11.4	655.63	12.3539	332.016
11.5	654.656	12.5849	332.759
11.6	653.666	12.8187	333.515
11.7	652.659	13.0553	334.285
11.8	651.636	13.2947	335.07
11.9	650.595	13.5368	335.869
12	649.536	13.7817	336.682
12.1	648.461	14.0292	337.51
12.2	647.367	14.2794	338.353
12.3	646.257	14.5321	339.211
12.4	645.128	14.7874	340.084
12.5	643.982	15.0451	340.973
12.6	642.818	15.3052	341.877
12.7	641.636	15.5677	342.797
12.8	640.436	15.8325	343.732
12.9	639.217	16.0995	344.683
13	637.981	16.3687	345.651
13.1	636.726	16.6398	346.634
13.2	635.453	16.913	347.634
13.3	634.162	17.1881	348.65
13.4	632.852	17.4649	349.683
13.5	631.525	17.7435	350.732
13.6	630.178	18.0237	351.798
13.7	628.814	18.3054	352.881
13.8	627.431	18.5884	353.98
13.9	626.03	18.8728	355.097
14	624.611	19.1583	356.231
14.1	623.173	19.4449	357.382
14.2	621.718	19.7323	358.55
14.3	620.244	20.0206	359.735
14.4	618.752	20.3096	360.938
14.5	617.243	20.599	362.158
14.6	615.716	20.8888	363.396
14.7	614.171	21.1789	364.65
14.8	612.608	21.4691	365.923
14.9	611.029	21.7592	367.212
15	609.432	22.0491	368.519
15.1	607.818	22.3386	369.843
15.2	606.187	22.6275	371.185
15.3	604.54	22.9158	372.544
15.4	602.876	23.2032	373.921
15.5	601.196	23.4895	375.314
15.6	599.5	23.7747	376.725
15.7	597.789	24.0584	378.153
15.8	596.061	24.3406	379.598
15.9	594.319	24.621	381.06
16	592.562	24.8995	382.538
16.1	590.79	25.1759	384.034
16.2	589.004	25.45	385.546
16.3	587.204	25.7216	387.074
16.4	585.391	25.9905	388.619
16.5	583.564	26.2566	390.179
16.6	581.724	26.5196	391.756
16.7	579.872	26.7794	393.349
16.8	578.007	27.0358	394.957
16.9	576.131	27.2886	396.58
17	574.244	27.5375	398.219
17.1	572.345	27.7825	399.872
17.2	570.436	28.0234	401.54
17.3	568.517	28.2599	403.223
17.4	566.588	28.4918	404.92
17.5	564.651	28.7191	406.63
17.6	562.704	28.9415	408.355
17.7	560.749	29.1588	410.092
17.8	558.786	29.3709	411.843
17.9	556.816	29.5777	413.606
18	554.839	29.7789	415.382
18.1	552.856	29.9744	417.169
18.2	550.867	30.164	418.969
18.3	548.873	30.3476	420.78
18.4	546.874	30.5251	422.601
18.5	544.87	30.6962	424.434
18.6	542.863	30.861	426.276
18.7	540.852	31.0191	428.129
18.8	538.839	31.1706	429.991
18.9	536.823	31.3153	431.862
19	534.806	31.4531	433.741
19.1	532.787	31.5839	435.629
19.2	530.768	31.7076	437.525
19.3	528.748	31.824	439.428
19.4	526.729	31.9332	441.338
19.5	524.711	32.035	443.254
19.6	522.694	32.1294	445.177
19.7	520.679	32.2163	447.105
19.8	518.666	32.2956	449.038
19.9	516.656	32.3673	450.976
20	514.65	32.4313	452.919
20.1	512.647	32.4877	454.865
20.2	510.649	32.5364	456.815
20.3	508.656	32.5773	458.767
20.4	506.668	32.6105	460.722
20.5	504.686	32.6359	462.678
20.6	502.71	32.6537	464.637
20.7	500.74	32.6636	466.596
20.8	498.778	32.6659	468.556
20.9	496.824	32.6605	470.516
21	494.877	32.6474	472.475
21.1	492.939	32.6267	474.434
21.2	491.01	32.5984	476.392
21.3	489.09	32.5626	478.347
21.4	487.18	32.5194	480.301
21.5	485.28	32.4687	482.252
21.6	483.39	32.4108	484.2
21.7	481.511	32.3456	486.144
21.8	479.643	32.2732	488.084
21.9	477.786	32.1938	490.02
22	475.941	32.1074	491.951
22.1	474.108	32.0141	493.877
22.2	472.288	31.9141	495.798
22.3	470.481	31.8074	497.712
22.4	468.686	31.6942	499.62
22.5	466.904	31.5746	501.521
22.6	465.136	31.4487	503.415
22.7	463.382	31.3166	505.301
22.8	461.642	31.1785	507.179
22.9	459.916	31.0345	509.049
23	458.205	30.8848	510.911
23.1	456.508	30.7294	512.763
23.2	454.825	30.5686	514.606
23.3	453.158	30.4024	516.439
23.4	451.506	30.2311	518.263
23.5	449.87	30.0548	520.076
23.6	448.248	29.8736	521.878
23.7	446.643	29.6877	523.669
23.8	445.053	29.4972	525.45
23.9	443.479	29.3024	527.219
24	441.921	29.1033	528.976
24.1	440.379	28.9001	530.721
24.2	438.853	28.693	532.454
24.3	437.343	28.4822	534.174
24.4	435.85	28.2678	535.882
24.5	434.373	28.0499	537.577
24.6	432.912	27.8287	539.259
24.7	431.468	27.6044	540.928
24.8	430.04	27.3772	542.583
24.9	428.629	27.1471	544.224
25	427.234	26.9144	545.852
25.1	425.855	26.6792	547.466
25.2	424.493	26.4416	549.065
25.3	423.148	26.2019	550.651
25.4	421.818	25.9601	552.221
25.5	420.506	25.7164	553.778
25.6	419.209	25.4709	555.32
25.7	417.93	25.2238	556.847
25.8	416.666	24.9753	558.359
25.9	415.418	24.7254	559.856
26	414.187	24.4744	561.338
26.1	412.972	24.2223	562.806
26.2	411.773	23.9693	564.258
26.3	410.59	23.7154	565.695
26.4	409.423	23.4609	567.116
26.5	408.272	23.2059	568.523
26.6	407.136	22.9504	569.914
26.7	406.016	22.6947	571.289
26.8	404.912	22.4387	572.65
26.9	403.823	22.1827	573.995
27	402.749	21.9266	575.324
27.1	401.69	21.6708	576.639
27.2	400.647	21.4151	577.938
27.3	399.619	21.1599	579.221
27.4	398.605	20.905	580.49
27.5	397.607	20.6507	581.743
27.6	396.622	20.397	582.981
27.7	395.653	20.1441	584.203
27.8	394.698	19.8919	585.41
27.9	393.757	19.6406	586.603
28	392.83	19.3903	587.78
28.1	391.917	19.141	588.942
28.2	391.018	18.8929	590.089
28.3	390.132	18.6459	591.222
28.4	389.261	18.4002	592.339
28.5	388.402	18.1558	593.442
28.6	387.557	17.9127	594.53
28.7	386.725	17.6712	595.604
28.8	385.906	17.4311	596.663
28.9	385.1	17.1926	597.707
29	384.307	16.9556	598.738
29.1	383.526	16.7204	599.754
29.2	382.757	16.4868	600.756
29.3	382.001	16.255	601.744
29.4	381.257	16.025	602.718
29.5	380.525	15.7968	603.679
29.6	379.804	15.5705	604.625
29.7	379.096	15.3461	605.558
29.8	378.398	15.1236	606.478
29.9	377.713	14.9031	607.384
30	377.038	14.6845	608.277
30.1	376.375	14.468	609.157
30.2	375.722	14.2536	610.024
30.3	375.08	14.0412	610.879
30.4	374.449	13.8309	611.72
30.5	373.829	13.6227	612.549
30.6	373.218	13.4166	613.365
30.7	372.618	13.2126	614.169
30.8	372.028	13.0109	614.961
30.9	371.448	12.8112	615.74
31	370.878	12.6138	616.508
31.1	370.317	12.4185	617.264
31.2	369.766	12.2254	618.008
31.3	369.225	12.0346	618.741
31.4	368.692	11.8459	619.462
31.5	368.169	11.6594	620.172
31.6	367.655	11.4752	620.87
31.7	367.149	11.2931	621.558
31.8	366.652	11.1132	622.235
31.9	366.164	10.9356	622.9
32	365.684	10.7601	623.556
32.1	365.213	10.5869	624.2
32.2	364.749	10.4158	624.835
32.3	364.294	10.247	625.459
32.4	363.847	10.0803	626.073
32.5	363.407	9.91577	626.677
32.6	362.976	9.75342	627.271
32.7	362.551	9.59322	627.855
32.8	362.135	9.43517	628.43
32.9	361.725	9.27925	628.996
33	361.323	9.12546	629.552
33.1	360.928	8.97377	630.098
33.2	360.54	8.82419	630.636
33.3	360.159	8.67668	631.165
33.4	359.784	8.53125	631.685
33.5	359.416	8.38788	632.196
33.6	359.055	8.24654	632.698
33.7	358.7	8.10723	633.192
33.8	358.352	7.96993	633.678
33.9	358.01	7.83462	634.156
34	357.674	7.70129	634.625
34.1	357.344	7.56992	635.087
34.2	357.019	7.4405	635.54
34.3	356.701	7.31299	635.986
34.4	356.389	7.1874	636.424
34.5	356.082	7.06369	636.855
34.6	355.78	6.94185	637.278
34.7	355.484	6.82187	637.694
34.8	355.194	6.70371	638.102
34.9	354.908	6.58738	638.504
35	354.628	6.47283	638.899
35.1	354.353	6.36006	639.287
35.2	354.083	6.24905	639.668
35.3	353.818	6.13977	640.042
35.4	353.558	6.03221	640.41
35.5	353.302	5.92634	640.771
35.6	353.051	5.82216	641.126
35.7	352.805	5.71963	641.475
35.8	352.563	5.61873	641.818
35.9	352.326	5.51946	642.154
36	352.093	5.42178	642.485
36.1	351.864	5.32568	642.81
36.2	351.64	5.23114	643.129
36.3	351.419	5.13813	643.442
36.4	351.203	5.04664	643.75
36.5	350.991	4.95666	644.053
36.6	350.782	4.86815	644.35
36.7	350.578	4.7811	644.641
36.8	350.377	4.69549	644.928
36.9	350.18	4.6113	645.209
37	349.986	4.52851	645.485
37.1	349.796	4.4471	645.757
37.2	349.61	4.36706	646.023
37.3	349.427	4.28836	646.285
37.4	349.247	4.21098	646.542
37.5	349.071	4.13491	646.794
37.6	348.898	4.06013	647.042
37.7	348.729	3.98661	647.285
37.8	348.562	3.91435	647.524
37.9	348.399	3.84331	647.758
38	348.238	3.7735	647.988
38.1	348.081	3.70487	648.214
38.2	347.926	3.63743	648.436
38.3	347.775	3.57115	648.654
38.4	347.626	3.50601	648.868
38.5	347.48	3.44199	649.078
38.6	347.336	3.37909	649.284
38.7	347.196	3.31727	649.487
38.8	347.058	3.25653	649.686
38.9	346.922	3.19685	649.881
39	346.79	3.13821	650.072
39.1	346.659	3.0806	650.26
39.2	346.531	3.024	650.445
39.3	346.406	2.96839	650.626
39.4	346.282	2.91376	650.804
39.5	346.162	2.86009	650.978
39.6	346.043	2.80737	651.15
39.7	345.927	2.75558	651.318
39.8	345.812	2.70471	651.483
39.9	345.7	2.65474	651.645
40	345.59	2.60565	651.804
40.1	345.482	2.55745	651.96
40.2	345.377	2.5101	652.113
40.3	345.273	2.46359	652.264
40.4	345.171	2.41792	652.411
40.5	345.071	2.37306	652.556
40.6	344.973	2.32901	652.698
40.7	344.876	2.28575	652.838
40.8	344.782	2.24326	652.975
40.9	344.689	2.20154	653.109
41	344.598	2.16057	653.241
41.1	344.509	2.12034	653.37
41.2	344.422	2.08084	653.498
41.3	344.336	2.04205	653.622
41.4	344.252	2.00396	653.745
41.5	344.169	1.96656	653.865
41.6	344.088	1.92984	653.982
41.7	344.008	1.89379	654.098
41.8	343.93	1.8584	654.211
41.9	343.854	1.82364	654.323
42	343.778	1.78953	654.432
42.1	343.705	1.75603	654.539
42.2	343.632	1.72314	654.644
42.3	343.562	1.69086	654.748
42.4	343.492	1.65917	654.849
42.5	343.424	1.62805	654.948
42.6	343.357	1.59751	655.046
42.7	343.291	1.56753	655.142
42.8	343.226	1.5381	655.235
42.9	343.163	1.5092	655.328
43	343.101	1.48084	655.418
43.1	343.04	1.45301	655.507
43.2	342.981	1.42568	655.594
43.3	342.922	1.39886	655.679
43.4	342.864	1.37253	655.763
43.5	342.808	1.34669	655.845
43.6	342.753	1.32133	655.926
43.7	342.699	1.29643	656.005
43.8	342.645	1.272	656.083
43.9	342.593	1.24802	656.159
44	342.542	1.22448	656.234
44.1	342.492	1.20138	656.307
44.2	342.442	1.17871	656.379
44.3	342.394	1.15646	656.45
44.4	342.347	1.13462	656.519
44.5	342.3	1.11319	656.587
44.6	342.254	1.09215	656.654
44.7	342.21	1.07151	656.719
44.8	342.166	1.05125	656.783
44.9	342.123	1.03137	656.846
45	342.08	1.01186	656.908
45.1	342.039	0.992719	656.969
45.2	341.998	0.973931	657.028
45.3	341.958	0.955494	657.086
45.4	341.919	0.937401	657.144
45.5	341.881	0.919646	657.2
45.6	341.843	0.902224	657.255
45.7	341.806	0.885128	657.309
45.8	341.77	0.868351	657.362
45.9	341.734	0.851889	657.414
46	341.699	0.835735	657.465
46.1	341.665	0.819884	657.515
46.2	341.632	0.804331	657.564
46.3	341.599	0.789069	657.612
46.4	341.566	0.774094	657.66
46.5	341.535	0.7594	657.706
46.6	341.504	0.744982	657.751
46.7	341.473	0.730835	657.796
46.8	341.443	0.716954	657.84
46.9	341.414	0.703334	657.883
47	341.385	0.68997	657.925
47.1	341.357	0.676858	657.966
47.2	341.329	0.663993	658.007
47.3	341.302	0.65137	658.047
47.4	341.275	0.638985	658.086
47.5	341.249	0.626833	658.124
47.6	341.224	0.614911	658.161
47.7	341.199	0.603213	658.198
47.8	341.174	0.591736	658.234
47.9	341.15	0.580476	658.27
48	341.126	0.569428	658.305
48.1	341.103	0.558589	658.339
48.2	341.08	0.547955	658.372
48.3	341.057	0.537522	658.405
48.4	341.035	0.527286	658.437
48.5	341.014	0.517243	658.469
48.6	340.993	0.507391	658.5
48.7	340.972	0.497725	658.53
48.8	340.952	0.488241	658.56
48.9	340.932	0.478938	658.589
49	340.912	0.46981	658.618
49.1	340.893	0.460855	658.646
49.2	340.874	0.45207	658.674
49.3	340.856	0.443451	658.701
49.4	340.838	0.434996	658.727
49.5	340.82	0.426701	658.753
49.6	340.802	0.418563	658.779
49.7	340.785	0.41058	658.804
49.8	340.769	0.402748	658.829
49.9	340.752	0.395064	658.853
50	340.736	0.387527	658.876
50.1	340.72	0.380132	658.9
50.2	340.705	0.372878	658.922
50.3	340.69	0.365762	658.945
50.4	340.675	0.35878	658.967
50.5	340.66	0.351932	658.988
50.6	340.646	0.345213	659.009
50.7	340.631	0.338622	659.03
50.8	340.618	0.332156	659.05
50.9	340.604	0.325814	659.07
51	340.591	0.319592	659.09
51.1	340.578	0.313488	659.109
51.2	340.565	0.3075	659.128
51.3	340.552	0.301626	659.146
51.4	340.54	0.295864	659.164
51.5	340.528	0.290212	659.182
51.6	340.516	0.284667	659.199
51.7	340.505	0.279228	659.216
51.8	340.493	0.273892	659.233
51.9	340.482	0.268658	659.249
52	340.471	0.263523	659.265
52.1	340.46	0.258486	659.281
52.2	340.45	0.253546	659.297
52.3	340.439	0.248699	659.312
52.4	340.429	0.243945	659.327
52.5	340.419	0.239281	659.341
52.6	340.41	0.234706	659.356
52.7	340.4	0.230218	659.37
52.8	340.391	0.225816	659.384
52.9	340.381	0.221498	659.397
53	340.372	0.217262	659.41
53.1	340.364	0.213107	659.423
53.2	340.355	0.209031	659.436
53.3	340.346	0.205033	659.449
53.4	340.338	0.201111	659.461
53.5	340.33	0.197264	659.473
53.6	340.322	0.19349	659.485
53.7	340.314	0.189789	659.496
53.8	340.306	0.186158	659.508
53.9	340.298	0.182596	659.519
54	340.291	0.179102	659.53
54.1	340.284	0.175675	659.541
54.2	340.277	0.172314	659.551
54.3	340.27	0.169016	659.561
54.4	340.263	0.165782	659.572
54.5	340.256	0.162609	659.581
54.6	340.249	0.159497	659.591
54.7	340.243	0.156444	659.601
54.8	340.236	0.15345	659.61
54.9	340.23	0.150513	659.619
55	340.224	0.147631	659.628
55.1	340.218	0.144805	659.637
55.2	340.212	0.142033	659.646
55.3	340.206	0.139314	659.654
55.4	340.201	0.136647	659.663
55.5	340.195	0.134031	659.671
55.6	340.19	0.131465	659.679
55.7	340.184	0.128948	659.687
55.8	340.179	0.126479	659.695
55.9	340.174	0.124057	659.702
56	340.169	0.121681	659.71
56.1	340.164	0.119351	659.717
56.2	340.159	0.117066	659.724
56.3	340.154	0.114824	659.731
56.4	340.149	0.112625	659.738
56.5	340.145	0.110468	659.745
56.6	340.14	0.108352	659.751
56.7	340.136	0.106277	659.758
56.8	340.132	0.104242	659.764
56.9	340.127	0.102245	659.77
57	340.123	0.100286	659.776
57.1	340.119	0.0983655	659.782
57.2	340.115	0.0964813	659.788
57.3	340.111	0.0946332	659.794
57.4	340.107	0.0928204	659.8
57.5	340.104	0.0910423	659.805
57.6	340.1	0.0892982	659.811
57.7	340.096	0.0875875	659.816
57.8	340.093	0.0859095	659.821
57.9	340.089	0.0842636	659.827
58	340.086	0.0826492	659.832
58.1	340.082	0.0810657	659.837
58.2	340.079	0.0795126	659.841
58.3	340.076	0.0779891	659.846
58.4	340.073	0.0764948	659.851
58.5	340.07	0.0750291	659.855
58.6	340.066	0.0735915	659.86
58.7	340.063	0.0721814	659.864
58.8	340.061	0.0707982	659.869
58.9	340.058	0.0694416	659.873
59	340.055	0.0681109	659.877
59.1	340.052	0.0668057	659.881
59.2	340.049	0.0655255	659.885
59.3	340.047	0.0642698	659.889
59.4	340.044	0.0630382	659.893
59.5	340.041	0.0618301	659.897
59.6	340.039	0.0606452	659.9
59.7	340.036	0.0594829	659.904
59.8	340.034	0.0583429	659.908
59.9	340.032	0.0572248	659.911
60	340.029	0.056128	659.915
60.1	340.027	0.0550523	659.918
60.2	340.025	0.0539972	659.921
60.3	340.023	0.0529622	659.924
60.4	340.02	0.0519471	659.928
60.5	340.018	0.0509515	659.931
60.6	340.016	0.0499749	659.934
60.7	340.014	0.049017	659.937
60.8	340.012	0.0480774	659.94
60.9	340.01	0.0471559	659.943
61	340.008	0.046252	659.945
61.1	340.006	0.0453654	659.948
61.2	340.005	0.0444958	659.951
61.3	340.003	0.0436429	659.954
61.4	340.001	0.0428063	659.956
61.5	339.999	0.0419858	659.959
61.6	339.998	0.0411809	659.961
61.7	339.996	0.0403915	659.964
61.8	339.994	0.0396172	659.966
61.9	339.993	0.0388577	659.969
62	339.991	0.0381128	659.971
62.1	339.989	0.0373822	659.973
62.2	339.988	0.0366655	659.975
62.3	339.986	0.0359626	659.978
62.4	339.985	0.0352732	659.98
62.5	339.984	0.034597	659.982
62.6	339.982	0.0339337	659.984
62.7	339.981	0.0332832	659.986
62.8	339.979	0.0326451	659.988
62.9	339.978	0.0320192	659.99
63	339.977	0.0314053	659.992
63.1	339.976	0.0308032	659.994
63.2	339.974	0.0302127	659.996
63.3	339.973	0.0296334	659.997
63.4	339.972	0.0290653	659.999
63.5	339.971	0.028508	660.001
63.6	339.969	0.0279614	660.003
63.7	339.968	0.0274253	660.004
63.8	339.967	0.0268995	660.006
63.9	339.966	0.0263837	660.007
64	339.965	0.0258779	660.009
64.1	339.964	0.0253817	660.011
64.2	339.963	0.024895	660.012
64.3	339.962	0.0244177	660.014
64.4	339.961	0.0239495	660.015
64.5	339.96	0.0234903	660.017
64.6	339.959	0.0230399	660.018
64.7	339.958	0.0225981	660.019
64.8	339.957	0.0221648	660.021
64.9	339.956	0.0217398	660.022
65	339.955	0.021323	660.023
65.1	339.955	0.0209141	660.025
65.2	339.954	0.0205131	660.026
65.3	339.953	0.0201198	660.027
65.4	339.952	0.019734	660.028
65.5	339.951	0.0193556	660.029
65.6	339.95	0.0189844	660.031
65.7	339.95	0.0186204	660.032
65.8	339.949	0.0182633	660.033
65.9	339.948	0.0179131	660.034
66	339.947	0.0175696	660.035
66.1	339.947	0.0172327	660.036
66.2	339.946	0.0169023	660.037
66.3	339.945	0.0165782	660.038
66.4	339.945	0.0162603	660.039
66.5	339.944	0.0159485	660.04
66.6	339.943	0.0156426	660.041
66.7	339.943	0.0153427	660.042
66.8	339.942	0.0150485	660.043
66.9	339.941	0.0147599	660.044
67	339.941	0.0144768	660.045
67.1	339.94	0.0141992	660.046
67.2	339.94	0.0139269	660.046
67.3	339.939	0.0136599	660.047
67.4	339.939	0.0133979	660.048
67.5	339.938	0.013141	660.049
67.6	339.937	0.012889	660.05
67.7	339.937	0.0126418	660.05
67.8	339.936	0.0123994	660.051
67.9	339.936	0.0121616	660.052
68	339.935	0.0119284	660.053
68.1	339.935	0.0116996	660.053
68.2	339.934	0.0114753	660.054
68.3	339.934	0.0112552	660.055
68.4	339.934	0.0110394	660.055
68.5	339.933	0.0108277	660.056
68.6	339.933	0.01062	660.057
68.7	339.932	0.0104163	660.057
68.8	339.932	0.0102166	660.058
68.9	339.931	0.0100207	660.059
69	339.931	0.00982849	660.059
69.1	339.931	0.00964	660.06
69.2	339.93	0.00945513	660.06
69.3	339.93	0.0092738	660.061
69.4	339.929	0.00909595	660.061
69.5	339.929	0.00892151	660.062
69.6	339.929	0.00875042	660.063
69.7	339.928	0.0085826	660.063
69.8	339.928	0.008418	660.064
69.9	339.928	0.00825656	660.064
70	339.927	0.00809822	660.065
70.1	339.927	0.00794291	660.065
70.2	339.927	0.00779058	660.066
70.3	339.926	0.00764117	660.066
70.4	339.926	0.00749463	660.067
70.5	339.926	0.0073509	660.067
70.6	339.925	0.00720992	660.067
70.7	339.925	0.00707165	660.068
70.8	339.925	0.00693603	660.068
70.9	339.925	0.006803	660.069
71	339.924	0.00667253	660.069
71.1	339.924	0.00654457	660.069
71.2	339.924	0.00641905	660.07
71.3	339.923	0.00629594	660.07
71.4	339.923	0.0061752	660.071
71.5	339.923	0.00605677	660.071
71.6	339.923	0.00594061	660.071
71.7	339.922	0.00582667	660.072
71.8	339.922	0.00571493	660.072
71.9	339.922	0.00560532	660.072
72	339.922	0.00549782	660.073
72.1	339.922	0.00539238	660.073
72.2	339.921	0.00528896	660.073
72.3	339.921	0.00518752	660.074
72.4	339.921	0.00508803	660.074
72.5	339.921	0.00499045	660.074
72.6	339.92	0.00489474	660.075
72.7	339.92	0.00480087	660.075
72.8	339.92	0.00470879	660.075
72.9	339.92	0.00461848	660.075
73	339.92	0.0045299	660.076
73.1	339.92	0.00444303	660.076
73.2	339.919	0.00435781	660.076
73.3	339.919	0.00427423	660.077
73.4	339.919	0.00419226	660.077
73.5	339.919	0.00411186	660.077
73.6	339.919	0.00403299	660.077
73.7	339.918	0.00395565	660.078
73.8	339.918	0.00387978	660.078
73.9	339.918	0.00380537	660.078
74	339.918	0.00373239	660.078
74.1	339.918	0.0036608	660.078
74.2	339.918	0.00359059	660.079
74.3	339.918	0.00352173	660.079
74.4	339.917	0.00345418	660.079
74.5	339.917	0.00338793	660.079
74.6	339.917	0.00332296	660.08
74.7	339.917	0.00325922	660.08
74.8	339.917	0.00319671	660.08
74.9	339.917	0.0031354	660.08
75	339.917	0.00307527	660.08
75.1	339.916	0.00301629	660.08
75.2	339.916	0.00295844	660.081
75.3	339.916	0.0029017	660.081
75.4	339.916	0.00284604	660.081
75.5	339.916	0.00279146	660.081
75.6	339.916	0.00273792	660.081
75.7	339.916	0.00268541	660.082
75.8	339.916	0.0026339	660.082
75.9	339.916	0.00258339	660.082
76	339.915	0.00253384	660.082
76.1	339.915	0.00248524	660.082
76.2	339.915	0.00243758	660.082
76.3	339.915	0.00239083	660.082
76.4	339.915	0.00234497	660.083
76.5	339.915	0.0023	660.083
76.6	339.915	0.00225588	660.083
76.7	339.915	0.00221262	660.083
76.8	339.915	0.00217018	660.083
76.9	339.915	0.00212856	660.083
77	339.915	0.00208773	660.083
77.1	339.914	0.00204769	660.084
77.2	339.914	0.00200842	660.084
77.3	339.914	0.0019699	660.084
77.4	339.914	0.00193211	660.084
77.5	339.914	0.00189506	660.084
77.6	339.914	0.00185871	660.084
77.7	339.914	0.00182306	660.084
77.8	339.914	0.0017881	660.084
77.9	339.914	0.0017538	660.084
78	339.914	0.00172016	660.085
78.1	339.914	0.00168717	660.085
78.2	339.914	0.00165481	660.085
78.3	339.914	0.00162307	660.085
78.4	339.913	0.00159194	660.085
78.5	339.913	0.00156141	660.085
78.6	339.913	0.00153146	660.085
78.7	339.913	0.00150209	660.085
78.8	339.913	0.00147328	660.085
78.9	339.913	0.00144502	660.085
79	339.913	0.00141731	660.085
79.1	339.913	0.00139012	660.086
79.2	339.913	0.00136346	660.086
79.3	339.913	0.00133731	660.086
79.4	339.913	0.00131166	660.086
79.5	339.913	0.0012865	660.086
79.6	339.913	0.00126183	660.086
79.7	339.913	0.00123763	660.086
79.8	339.913	0.00121389	660.086
79.9	339.913	0.00119061	660.086
80	339.913	0.00116777	660.086
80.1	339.913	0.00114538	660.086
80.2	339.912	0.00112341	660.086
80.3	339.912	0.00110186	660.086
80.4	339.912	0.00108073	660.087
80.5	339.912	0.00106	660.087
80.6	339.912	0.00103967	660.087
80.7	339.912	0.00101973	660.087
80.8	339.912	0.00100017	660.087
80.9	339.912	0.000980987	660.087
81	339.912	0.000962172	660.087
81.1	339.912	0.000943717	660.087
81.2	339.912	0.000925617	660.087
81.3	339.912	0.000907864	660.087
81.4	339.912	0.000890451	660.087
81.5	339.912	0.000873372	660.087
81.6	339.912	0.000856621	660.087
81.7	339.912	0.000840191	660.087
81.8	339.912	0.000824077	660.087
81.9	339.912	0.000808271	660.087
82	339.912	0.000792768	660.087
82.1	339.912	0.000777563	660.087
82.2	339.912	0.00076265	660.088
82.3	339.912	0.000748022	660.088
82.4	339.912	0.000733675	660.088
82.5	339.912	0.000719603	660.088
82.6	339.912	0.000705801	660.088
82.7	339.912	0.000692264	660.088
82.8	339.912	0.000678987	660.088
82.9	339.912	0.000665964	660.088
83	339.911	0.000653191	660.088
83.1	339.911	0.000640663	660.088
83.2	339.911	0.000628375	660.088
83.3	339.911	0.000616323	660.088
83.4	339.911	0.000604502	660.088
83.5	339.911	0.000592907	660.088
83.6	339.911	0.000581535	660.088
83.7	339.911	0.000570382	660.088
83.8	339.911	0.000559442	660.088
83.9	339.911	0.000548712	660.088
84	339.911	0.000538187	660.088
84.1	339.911	0.000527865	660.088
84.2	339.911	0.000517741	660.088
84.3	339.911	0.00050781	660.088
84.4	339.911	0.000498071	660.088
84.5	339.911	0.000488518	660.088
84.6	339.911	0.000479148	660.088
84.7	339.911	0.000469958	660.088
84.8	339.911	0.000460944	660.088
84.9	339.911	0.000452103	660.088
85	339.911	0.000443432	660.089
85.1	339.911	0.000434927	660.089
85.2	339.911	0.000426585	660.089
85.3	339.911	0.000418403	660.089
85.4	339.911	0.000410378	660.089
85.5	339.911	0.000402507	660.089
85.6	339.911	0.000394787	660.089
85.7	339.911	0.000387215	660.089
85.8	339.911	0.000379788	660.089
85.9	339.911	0.000372504	660.089
86	339.911	0.000365359	660.089
86.1	339.911	0.000358352	660.089
86.2	339.911	0.000351479	660.089
86.3	339.911	0.000344737	660.089
86.4	339.911	0.000338125	660.089
86.5	339.911	0.00033164	660.089
86.6	339.911	0.000325279	660.089
86.7	339.911	0.00031904	660.089
86.8	339.911	0.000312921	660.089
86.9	339.911	0.000306919	660.089
87	339.911	0.000301032	660.089
87.1	339.911	0.000295259	660.089
87.2	339.911	0.000289596	660.089
87.3	339.911	0.000284041	660.089
87.4	339.911	0.000278593	660.089
87.5	339.911	0.00027325	660.089
87.6	339.911	0.000268009	660.089
87.7	339.911	0.000262869	660.089
87.8	339.911	0.000257827	660.089
87.9	339.911	0.000252882	660.089
88	339.911	0.000248031	660.089
88.1	339.911	0.000243274	660.089
88.2	339.911	0.000238608	660.089
88.3	339.911	0.000234032	660.089
88.4	339.911	0.000229543	660.089
88.5	339.911	0.00022514	660.089
88.6	339.911	0.000220822	660.089
88.7	339.911	0.000216587	660.089
88.8	339.911	0.000212433	660.089
88.9	339.911	0.000208358	660.089
89	339.911	0.000204362	660.089
89.1	339.911	0.000200442	660.089
89.2	339.911	0.000196598	660.089
89.3	339.91	0.000192827	660.089
89.4	339.91	0.000189128	660.089
89.5	339.91	0.000185501	660.089
89.6	339.91	0.000181943	660.089
89.7	339.91	0.000178453	660.089
89.8	339.91	0.000175031	660.089
89.9	339.91	0.000171674	660.089
90	339.91	0.000168381	660.089
90.1	339.91	0.000165151	660.089
90.2	339.91	0.000161984	660.089
90.3	339.91	0.000158877	660.089
90.4	339.91	0.00015583	660.089
90.5	339.91	0.000152841	660.089
90.6	339.91	0.000149909	660.089
90.7	339.91	0.000147034	660.089
90.8	339.91	0.000144214	660.089
90.9	339.91	0.000141448	660.089
91	339.91	0.000138735	660.089
91.1	339.91	0.000136074	660.089
91.2	339.91	0.000133464	660.089
91.3	339.91	0.000130904	660.09
91.4	339.91	0.000128393	660.09
91.5	339.91	0.000125931	660.09
91.6	339.91	0.000123515	660.09
91.7	339.91	0.000121146	660.09
91.8	339.91	0.000118823	660.09
91.9	339.91	0.000116544	660.09
92	339.91	0.000114309	660.09
92.1	339.91	0.000112116	660.09
92.2	339.91	0.000109966	660.09
92.3	339.91	0.000107857	660.09
92.4	339.91	0.000105788	660.09
92.5	339.91	0.000103759	660.09
92.6	339.91	0.000101769	660.09
92.7	339.91	9.98168e-05	660.09
92.8	339.91	9.79023e-05	660.09
92.9	339.91	9.60246e-05	660.09
93	339.91	9.41828e-05	660.09
93.1	339.91	9.23764e-05	660.09
93.2	339.91	9.06046e-05	660.09
93.3	339.91	8.88668e-05	660.09
93.4	339.91	8.71623e-05	660.09
93.5	339.91	8.54905e-05	660.09
93.6	339.91	8.38508e-05	660.09
93.7	339.91	8.22426e-05	660.09
93.8	339.91	8.06651e-05	660.09
93.9	339.91	7.9118e-05	660.09
94	339.91	7.76005e-05	660.09
94.1	339.91	7.61121e-05	660.09
94.2	339.91	7.46523e-05	660.09
94.3	339.91	7.32204e-05	660.09
94.4	339.91	7.18161e-05	660.09
94.5	339.91	7.04386e-05	660.09
94.6	339.91	6.90876e-05	660.09
94.7	339.91	6.77625e-05	660.09
94.8	339.91	6.64628e-05	660.09
94.9	339.91	6.51881e-05	660.09
95	339.91	6.39378e-05	660.09
95.1	339.91	6.27114e-05	660.09
95.2	339.91	6.15086e-05	660.09
95.3	339.91	6.03289e-05	660.09
95.4	339.91	5.91718e-05	660.09
95.5	339.91	5.80369e-05	660.09
95.6	339.91	5.69237e-05	660.09
95.7	339.91	5.58319e-05	660.09
95.8	339.91	5.4761e-05	660.09
95.9	339.91	5.37107e-05	660.09
96	339.91	5.26806e-05	660.09
96.1	339.91	5.16701e-05	660.09
96.2	339.91	5.06791e-05	660.09
96.3	339.91	4.97071e-05	660.09
96.4	339.91	4.87537e-05	660.09
96.5	339.91	4.78186e-05	660.09
96.6	339.91	4.69014e-05	660.09
96.7	339.91	4.60019e-05	660.09
96.8	339.91	4.51195e-05	660.09
96.9	339.91	4.42541e-05	660.09
97	339.91	4.34053e-05	660.09
97.1	339.91	4.25728e-05	660.09
97.2	339.91	4.17563e-05	660.09
97.3	339.91	4.09554e-05	660.09
97.4	339.91	4.01699e-05	660.09
97.5	339.91	3.93994e-05	660.09
97.6	339.91	3.86437e-05	660.09
97.7	339.91	3.79025e-05	660.09
97.8	339.91	3.71756e-05	660.09
97.9	339.91	3.64625e-05	660.09
98	339.91	3.57632e-05	660.09
98.1	339.91	3.50772e-05	660.09
98.2	339.91	3.44045e-05	660.09
98.3	339.91	3.37446e-05	660.09
98.4	339.91	3.30974e-05	660.09
98.5	339.91	3.24625e-05	660.09
98.6	339.91	3.18399e-05	660.09
98.7	339.91	3.12292e-05	660.09
98.8	339.91	3.06302e-05	660.09
98.9	339.91	3.00427e-05	660.09
99	339.91	2.94665e-05	660.09
99.1	339.91	2.89014e-05	660.09
99.2	339.91	2.8347e-05	660.09
99.3	339.91	2.78033e-05	660.09
99.4	339.91	2.72701e-05	660.09
99.5	339.91	2.6747e-05	660.09
99.6	339.91	2.6234e-05	660.09
99.7	339.91	2.57308e-05	660.09
99.8	339.91	2.52373e-05	660.09
99.9	339.91	2.47533e-05	660.09
100	339.91	2.42785e-05	660.09
